ahnss 67.508 67.981 1
ahnss 68.757 70.799 1
ahnss 90.222 91.96 1
ahnss 103.537 104.296 1
ahnss 140.02 141.202 1
ahnss 147.023 147.226 1
ahnss 172.066 173.737 1
ahnss 178.158 180.014 1
ahnss 182.562 182.967 1
ahnss 197.21 197.767 1
ahnss 200.635 201.428 1
ahnss 212.363 214.979 1
ahnss 218.641 219.012 1
ahnss 220.227 220.733 1
ahnss 222.202 222.539 1
ahnss 222.961 223.13 1
ahnss 224.412 225.745 1
ahnss 296.84 299.185 1
ahnss 391.475 391.93 1
ahnss 392.572 395.339 1
ahnss 401.785 402.14 1
ahnss 421.445 422.879 1
ahnss 448.09 448.917 1
ahnss 462.08 462.451 1
ahnss 463.97 464.425 1
ahnss 483.19 483.41 1
ahnss 484.625 484.912 1
ahnss 485.468 487.19 1
ahnss 495.982 496.522 1
ahnss 500.572 500.977 1
ahnss 505.567 507.76 1
ahnss 509.937 512.047 1
ahnss 524.433 525.479 1
ahnss 574.045 576.425 1
ahnss 577.673 581.639 1
ahnss 585.706 586.533 1
ahnss 592.76 592.979 1
ahnss 597.535 597.907 1
ahnss 616.503 617.566 1
ahnss 639.031 640.229 1
ahnss 654.708 656.362 1
