bravd 57.367 64.488 1
bravd 65.753 67.441 1
bravd 70.816 74.697 1
bravd 75.507 77.735 1
bravd 79.895 81.7 1
bravd 83.067 84.417 1
bravd 89.395 90.475 1
bravd 106.608 111.653 1
bravd 129.457 130.503 1
bravd 131.903 133.0 1
bravd 146.467 146.787 1
bravd 148.036 150.668 1
bravd 151.9 152.862 1
bravd 165.738 166.21 1
bravd 175.728 176.875 1
bravd 185.06 185.701 1
bravd 187.068 192.113 1
bravd 240.038 242.165 1
bravd 250.13 250.433 1
bravd 251.277 252.931 1
bravd 258.044 258.955 1
bravd 261.048 261.757 1
bravd 296.502 297.38 1
bravd 297.683 298.949 1
bravd 299.152 302.442 1
bravd 313.411 316.567 1
bravd 323.857 324.751 1
bravd 330.168 331.45 1
bravd 336.226 337.542 1
bravd 362.146 362.787 1
bravd 363.462 366.82 1
bravd 394.613 394.934 1
