bspxd 14.673 15.415 1
bspxd 23.38 25.253 1
bspxd 55.493 57.502 1
bspxd 58.75 59.577 1
bspxd 69.112 71.187 1
bspxd 148.458 150.803 1
bspxd 155.95 158.735 1
bspxd 161.03 162.734 1
bspxd 165.333 166.042 1
bspxd 170.682 172.201 1
bspxd 186.055 186.781 1
bspxd 187.827 194.948 1
bspxd 196.552 198.644 1
bspxd 198.965 199.403 1
bspxd 248.24 251.193 1
bspxd 252.307 253.943 1
bspxd 256.846 257.285 1
bspxd 264.271 264.929 1
bspxd 267.545 268.979 1
bspxd 290.14 292.233 1
bspxd 302.932 305.935 1
bspxd 311.318 311.723 1
bspxd 318.777 322.912 1
bspxd 324.751 325.291 1
bspxd 326.911 328.362 1
bspxd 331.957 334.336 1
