cjfer 184.908 186.73 1
cjfer 187.507 198.442 1
cjfer 249.134 249.792 1
cjfer 256.711 257.048 1
cjfer 271.308 272.118 1
cjfer 275.763 277.501 1
cjfer 369.605 370.212 1
cjfer 370.938 371.123 1
cjfer 429.545 429.882 1
cjfer 432.346 432.987 1
cjfer 434.337 435.198 1
cjfer 437.695 439.282 1
cjfer 458.165 458.367 1
cjfer 459.447 461.388 1
cjfer 477.233 479.528 1
cjfer 482.498 484.912 1
cjfer 490.902 493.619 1
cjfer 517.025 518.813 1
cjfer 525.985 526.289 1
cjfer 546.117 546.472 1
cjfer 603.948 608.47 1
cjfer 612.318 613.6 1
cjfer 615.153 616.756 1
cjfer 622.055 625.497 1
