cmfyw 24.005 24.545 1
cmfyw 39.428 40.812 1
cmfyw 53.03 54.177 1
cmfyw 82.358 83.168 1
cmfyw 257.858 258.685 1
cmfyw 262.887 267.393 1
cmfyw 268.962 297.97 1
cmfyw 299.995 304.366 1
cmfyw 305.902 306.172 1
cmfyw 309.108 312.263 1
cmfyw 343.381 344.647 1
cmfyw 349.253 349.777 1
cmfyw 355.818 358.822 1
cmfyw 362.72 372.17 1
cmfyw 374.87 376.372 1
cmfyw 379.831 380.388 1
cmfyw 399.592 403.304 1
cmfyw 403.642 405.802 1
cmfyw 408.907 415.353 1
cmfyw 425.613 427.807 1
cmfyw 433.088 435.653 1
cmfyw 471.53 471.682 1
