crixb 56.945 57.265 1
crixb 60.117 60.455 1
crixb 85.244 85.548 1
crixb 99.436 100.178 1
crixb 107.536 109.122 1
crixb 123.145 124.158 1
crixb 126.048 126.875 1
crixb 130.604 133.22 1
crixb 133.658 135.194 1
crixb 136.696 137.354 1
crixb 151.58 151.765 1
crixb 153.672 154.027 1
crixb 186.207 188.57 1
crixb 192.721 195.59 1
crixb 197.918 199.387 1
crixb 199.859 200.686 1
crixb 202.103 202.677 1
crixb 235.702 236.309 1
crixb 238.739 240.055 1
crixb 240.241 240.697 1
crixb 241.405 242.317 1
crixb 281.315 283.103 1
