czlvt 72.233 73.077 1
czlvt 75.187 75.794 1
czlvt 101.377 101.697 1
czlvt 152.322 153.233 1
czlvt 175.222 175.407 1
czlvt 266.347 266.684 1
czlvt 271.308 273.113 1
czlvt 356.56 358.231 1
czlvt 359.311 359.918 1
czlvt 366.753 367.158 1
czlvt 386.159 386.564 1
czlvt 406.645 408.923 1
czlvt 420.517 420.888 1
czlvt 428.262 428.549 1
czlvt 436.227 437.273 1
czlvt 444.445 445.087 1
czlvt 479.478 480.693 1
czlvt 488.641 489.451 1
czlvt 490.953 491.543 1
czlvt 568.426 569.506 1
czlvt 768.445 770.048 1
czlvt 780.292 781.507 1
czlvt 809.823 810.498 1
czlvt 850.306 854.558 1
czlvt 855.858 861.14 1
