ezsgk 0.11 3.518 1
ezsgk 4.615 5.358 1
ezsgk 40.39 41.268 1
ezsgk 42.247 44.744 1
ezsgk 45.048 45.352 1
ezsgk 47.613 48.102 1
ezsgk 52.608 53.232 1
ezsgk 57.046 58.278 1
ezsgk 59.257 59.813 1
ezsgk 63.813 64.15 1
ezsgk 68.622 69.314 1
ezsgk 74.95 75.878 1
ezsgk 86.476 86.78 1
ezsgk 97.445 98.542 1
ezsgk 110.405 110.877 1
ezsgk 114.826 116.058 1
ezsgk 117.408 117.796 1
ezsgk 135.886 136.865 1
ezsgk 163.561 166.109 1
ezsgk 192.755 194.83 1
ezsgk 196.535 200.517 1
ezsgk 202.39 205.158 1
ezsgk 205.715 207.284 1
