migzj 13.812 22.486 1
migzj 24.612 27.194 1
migzj 31.514 32.155 1
migzj 33.32 33.877 1
migzj 35.024 40.188 1
migzj 45.098 48.659 1
migzj 51.511 53.975 1
migzj 54.7 59.78 1
migzj 83.337 84.772 1
migzj 90.728 92.365 1
migzj 95.302 97.613 1
migzj 102.085 102.541 1
migzj 106.118 107.047 1
migzj 109.24 109.898 1
migzj 116.311 116.497 1
migzj 121.424 124.192 1
migzj 127.752 134.941 1
migzj 141.725 143.176 1
migzj 148.863 152.035 1
migzj 153.115 153.419 1
migzj 156.052 156.963 1
migzj 162.835 163.156 1
migzj 165.974 167.071 1
migzj 169.282 169.805 1
migzj 170.53 171.222 1
migzj 173.686 174.209 1
migzj 175.441 175.576 1
