mvjuk 3.08 3.316 1
mvjuk 7.315 7.653 1
mvjuk 41.757 43.293 1
mvjuk 45.436 47.073 1
mvjuk 92.365 95.183 1
mvjuk 105.629 106.861 1
mvjuk 120.648 128.377 1
mvjuk 133.692 135.65 1
mvjuk 139.143 139.565 1
mvjuk 187.287 189.143 1
mvjuk 207.115 207.335 1
mvjuk 215.114 218.0 1
mvjuk 252.593 253.91 1
mvjuk 261.537 262.651 1
mvjuk 265.098 265.25 1
mvjuk 269.654 273.417 1
mvjuk 274.126 276.961 1
mvjuk 277.72 278.615 1
mvjuk 280.943 282.935 1
mvjuk 286.664 287.288 1
mvjuk 291.912 292.503 1
mvjuk 371.9 374.448 1
