ndkwv 88.805 89.345 1
ndkwv 143.851 144.847 1
ndkwv 166.953 167.223 1
ndkwv 187.54 187.945 1
ndkwv 293.768 294.427 1
ndkwv 299.607 300.198 1
ndkwv 389.45 389.635 1
ndkwv 391.289 391.627 1
ndkwv 401.988 402.157 1
ndkwv 404.688 405.076 1
ndkwv 519.893 521.328 1
ndkwv 532.718 533.495 1
ndkwv 543.535 545.189 1
ndkwv 557.153 558.588 1
ndkwv 597.4 597.603 1
ndkwv 605.872 606.108 1
ndkwv 613.617 613.837 1
ndkwv 626.071 626.662 1
ndkwv 629.581 630.02 1
ndkwv 638.525 638.845 1
ndkwv 645.629 645.967 1
ndkwv 656.075 656.564 1
ndkwv 660.631 661.12 1
ndkwv 662.774 663.635 1
