oklol 37.657 38.568 1
oklol 53.89 54.903 1
oklol 55.595 56.489 1
oklol 113.645 113.847 1
oklol 148.39 148.627 1
oklol 171.104 172.977 1
oklol 181.246 182.782 1
oklol 199.252 200.281 1
oklol 203.639 205.698 1
oklol 211.148 213.376 1
oklol 214.152 214.338 1
oklol 263.647 264.288 1
oklol 294.173 294.275 1
oklol 296.131 297.835 1
oklol 331.096 332.446 1
oklol 346.705 348.038 1
oklol 508.908 511.625 1
oklol 537.595 538.54 1
oklol 560.883 561.912 1
oklol 570.367 571.345 1
oklol 608.926 609.77 1
oklol 640.583 641.613 1
oklol 673.743 676.088 1
oklol 676.814 678.181 1
oklol 684.762 691.158 1
oklol 727.574 728.519 1
oklol 736.585 736.872 1
oklol 744.331 751.942 1
oklol 753.562 754.726 1
oklol 759.822 760.615 1
oklol 780.848 781.304 1
oklol 924.168 925.265 1
