qygfk 50.144 50.583 1
qygfk 56.894 57.468 1
qygfk 62.193 62.497 1
qygfk 68.2 68.572 1
qygfk 84.333 85.632 1
qygfk 93.412 95.015 1
qygfk 124.073 124.9 1
qygfk 158.549 159.95 1
qygfk 168.134 169.72 1
qygfk 179.305 179.727 1
qygfk 186.342 186.578 1
qygfk 211.773 214.793 1
qygfk 220.7 220.868 1
qygfk 223.788 226.792 1
qygfk 231.888 234.588 1
qygfk 243.548 246.434 1
qygfk 258.803 261.048 1
qygfk 262.263 263.343 1
qygfk 265.452 267.697 1
qygfk 273.637 274.193 1
qygfk 282.952 285.027 1
qygfk 286.36 292.553 1
qygfk 294.41 294.848 1
qygfk 296.266 297.211 1
qygfk 298.291 300.755 1
qygfk 305.446 306.205 1
qygfk 315.807 316.499 1
qygfk 319.283 319.807 1
qygfk 326.152 327.721 1
qygfk 362.298 363.698 1
qygfk 372.811 373.334 1
qygfk 376.962 381.451 1
qygfk 392.707 392.875 1
qygfk 405.363 406.426 1
