ulriv 76.098 76.385 1
ulriv 84.434 84.603 1
ulriv 160.557 160.827 1
ulriv 163.257 164.776 1
ulriv 165.181 168.252 1
ulriv 198.897 199.252 1
ulriv 212.212 212.735 1
ulriv 213.764 214.81 1
ulriv 219.164 221.003 1
ulriv 221.375 221.611 1
ulriv 229.492 232.377 1
ulriv 236.866 237.237 1
ulriv 240.781 241.27 1
ulriv 253.707 254.095 1
ulriv 256.238 262.887 1
ulriv 265.283 267.646 1
ulriv 272.303 274.852 1
ulriv 285.331 287.002 1
ulriv 292.452 294.376 1
ulriv 295.0 296.435 1
ulriv 299.573 300.957 1
ulriv 301.97 302.965 1
ulriv 306.02 306.948 1
ulriv 307.977 308.922 1
ulriv 312.415 314.778 1
ulriv 316.617 319.435 1
ulriv 332.429 334.15 1
ulriv 338.133 340.124 1
ulriv 351.076 352.358 1
ulriv 352.848 360.577 1
ulriv 361.572 363.125 1
ulriv 364.643 365.369 1
ulriv 370.651 372.558 1
ulriv 378.245 380.54 1
ulriv 381.569 382.16 1
ulriv 420.432 421.613 1
ulriv 447.854 448.141 1
ulriv 461.27 461.59 1
