vbjlx 16.85 19.499 1
vbjlx 52.388 52.844 1
vbjlx 73.769 75.052 1
vbjlx 76.537 78.595 1
vbjlx 79.0 79.675 1
vbjlx 85.548 86.138 1
vbjlx 87.607 91.96 1
vbjlx 97.377 99.554 1
vbjlx 100.195 101.393 1
vbjlx 102.912 103.047 1
vbjlx 105.697 109.544 1
vbjlx 126.52 128.798 1
vbjlx 134.08 138.518 1
vbjlx 144.188 156.22 1
vbjlx 157.132 157.334 1
vbjlx 164.573 167.088 1
vbjlx 168.877 173.568 1
vbjlx 178.141 182.41 1
vbjlx 186.038 187.118 1
vbjlx 188.857 193.885 1
vbjlx 194.83 196.13 1
vbjlx 196.737 198.408 1
vbjlx 199.083 200.18 1
vbjlx 201.175 202.492 1
vbjlx 204.618 205.715 1
vbjlx 207.25 209.697 1
vbjlx 210.44 211.267 1
vbjlx 217.426 220.953 1
vbjlx 231.432 233.525 1
vbjlx 243.785 245.152 1
vbjlx 251.075 257.943 1
vbjlx 266.937 268.76 1
vbjlx 279.138 283.289 1
vbjlx 286.478 288.959 1
vbjlx 290.461 292.25 1
vbjlx 311.639 315.453 1
vbjlx 316.229 317.039 1
vbjlx 318.642 321.14 1
