vmbga 214.203 215.485 1
vmbga 222.067 224.294 1
vmbga 225.593 226.218 1
vmbga 248.088 248.898 1
vmbga 249.168 249.522 1
vmbga 337.373 338.656 1
vmbga 372.305 373.435 1
vmbga 384.556 388.387 1
vmbga 395.963 397.027 1
vmbga 398.984 403.456 1
vmbga 405.008 406.645 1
vmbga 429.106 431.637 1
vmbga 446.521 448.512 1
vmbga 449.761 452.208 1
vmbga 469.893 471.192 1
vmbga 471.698 472.812 1
vmbga 474.365 477.503 1
vmbga 482.11 483.612 1
vmbga 488.607 495.425 1
vmbga 501.837 506.157 1
vmbga 510.697 512.62 1
vmbga 513.616 515.59 1
vmbga 517.683 519.961 1
vmbga 527.588 528.584 1
vmbga 530.44 531.2 1
vmbga 541.325 542.388 1
vmbga 546.337 550.032 1
vmbga 589.098 589.452 1
vmbga 599.864 600.472 1
vmbga 606.209 606.597 1
