yrsve 43.023 44.288 1
yrsve 85.193 86.29 1
yrsve 106.152 107.485 1
yrsve 110.59 111.13 1
yrsve 160.237 160.743 1
yrsve 162.97 163.561 1
yrsve 174.8 175.205 1
yrsve 194.29 195.151 1
yrsve 200.804 204.837 1
yrsve 207.453 208.297 1
yrsve 210.845 211.672 1
yrsve 256.964 257.403 1
yrsve 281.99 282.648 1
yrsve 283.762 285.061 1
yrsve 332.412 336.158 1
yrsve 337.137 337.357 1
yrsve 401.33 404.738 1
yrsve 423.672 424.567 1
yrsve 460.814 461.675 1
yrsve 481.57 483.325 1
yrsve 493.045 493.822 1
yrsve 497.365 498.597 1
yrsve 518.527 519.843 1
yrsve 542.877 543.552 1
yrsve 560.208 561.035 1
